0 0.3359375 0.07578125 0.21640625 0.1515625
0 0.3484375 0.2890625 0.165625 0.23515625
0 0.484375 0.359375 0.09765625 0.4
0 0.6 0.41953125 0.08828125 0.1703125
0 0.7796875 0.415625 0.08828125 0.178125
0 0.8203125 0.9390625 0.08046875 0.121875
0 0.3765625 0.5984375 0.11171875 0.20703125
0 0.5109375 0.721875 0.09453125 0.20234375
0 0.628125 0.7921875 0.103125 0.22890625
0 0.31875 0.859375 0.109375 0.28125
0 0.196875 0.61484375 0.08203125 0.1515625
0 0.03515625 0.3546875 0.0703125 0.16015625
0 0.153125 0.0953125 0.06875 0.18203125
0 0.028125 0.090625 0.02890625 0.08828125
0 0.29375 0.53125 0.04765625 0.23515625
0 0.5890625 0.5921875 0.07265625 0.12734375
0 0.4921875 0.5828125 0.04140625 0.0625
0 0.40703125 0.7515625 0.0328125 0.08515625
0 0.4828125 0.903125 0.06875 0.19375
0 0.740625 0.9484375 0.02421875 0.084375
0 0.5921875 0.30703125 0.046875 0.0359375
0 0.38125 0.45859375 0.1 0.0765625